1000000.000000 1860262.426168
1037964.318205 1854133.800415
1077369.925866 1850873.405196
1118271.540556 1852439.481134
1160725.957160 1853313.633552
1204792.126746 1852081.456416
1250531.238417 1848246.390997
1298006.804277 1846472.675827
1347284.747626 1845479.421265
1398433.494497 1842028.733028
1451524.068670 1840161.023882
1506630.190295 1841091.921986
1563828.378256 1836811.107925
1623198.056425 1834667.593083
1684821.663948 1837052.771157
1748784.769717 1834933.325068
1815176.191185 1829884.534823
1884088.117705 1829591.648605
1955616.238531 1824293.715766
2029859.875697 1820285.258616
2106922.121928 1822344.797322
2186909.983798 1817620.785295
2269934.530307 1814442.618128
2356111.047120 1811580.727922
2445559.196638 1814796.874130
2538403.184167 1813468.351185
2634771.930382 1813354.821014
2734799.250344 1815513.419498
2838624.039310 1814015.306963
2946390.465601 1811917.139072
3058248.170792 1808353.900700
3174352.477497 1816304.688262
3294864.605046 1811962.062912
3419951.893353 1811713.365362
3549788.035277 1807914.436908
3684553.317807 1809469.612333
3824434.872406 1808013.660925
3969626.934855 1807159.950991
4120331.114964 1808593.840820
4276756.676520 1807078.026780
4439120.827871 1808974.717140
4607649.023529 1806150.150179
4782575.277234 1805382.491209
4964142.486896 1809423.329110
5152602.771882 1806621.324918
5348217.823095 1807370.736667
5551259.266359 1809983.958681
5762009.039583 1803752.164093
5980759.784260 1804134.047310
6207815.251815 1799145.252353
6443490.725390 1800417.859227
6688113.457637 1798658.661144
6942023.125131 1796272.894081
7205572.300037 1796333.422611
7479126.939682 1793363.521841
7763066.894713 1792993.371145
8057786.436547 1790893.336105
8363694.804849 1784813.063819
8681216.775787 1785974.472774
9010793.251866 1786330.187001
9352881.874155 1783791.069597
9707957.657756 1784879.079780
10076513.651392 1785142.434459
10459061.622046 1782645.842048
10856132.765587 1778603.207181
11268278.444371 1775984.647464
11696070.952851 1769631.195751
12140104.312249 1764325.910796
12600995.095396 1759096.350437
13079383.282893 1748242.422036
13575933.151764 1735149.262194
14091334.197862 1726247.766991
14626302.093277 1715724.265006
15181579.680103 1707475.077241
15757938.001927 1704741.719817
16356177.374481 1702891.914996
16977128.496936 1693538.837243
17621653.605395 1683324.862000
18290647.670161 1678449.724623
18985039.638479 1663847.917202
19705793.724441 1618988.639828
20453910.747870 1564685.944960
21230429.524031 1556428.734074
22036428.306102 1558671.080414
22873026.282408 1555963.405770
23741385.130495 1533396.793043
24642710.630207 1514301.703716
25578254.337996 1514359.107328
26549315.324802 1517648.840366
27557241.979907 1500497.506474
28603433.883274 1465459.302877
29689343.748963 1466370.571553
30816479.442334 1477500.890741
31986406.073829 1473875.138087
33200748.172237 1466913.686679
34461191.940479 1458400.280200
35769487.597017 1447894.733228
37127451.806166 1437341.496928
38536970.200661 1439112.887567
40000000.000000 1434313.948790
