1000000.000000 2402.982804
1071877.937038 2818.876034
1148922.311910 2554.489852
1231504.477507 3176.831070
1320022.478804 4277.501516
1414902.971424 3532.738237
1516603.278120 4930.649042
1625613.593056 5742.055927
1742459.344547 5594.114243
1867703.727606 5638.123536
2001950.418545 6288.062502
2145846.484683 4851.975314
2300085.503203 4971.353114
2465410.904185 4927.131416
2642619.553930 6107.411317
2832565.595844 8202.317850
3036164.567399 5465.552207
3254397.813012 5651.618553
3488317.214114 5845.040143
3739050.259200 6910.168354
4007805.478313 6663.472727
4295878.268146 7018.965823
4604657.135828 8634.623399
4935630.391520 5169.372010
5290393.322046 3562.189781
5670655.880156 3986.161144
6078250.926476 4038.256284
6515143.063873 4281.413014
6983438.106813 4627.962235
7485393.231366 4718.427003
8023427.854758 6055.356348
8600135.296933 6908.461380
9218295.280328 10386.158453
9880887.328088 16709.349237
10591105.125339 31434.661051
11352371.912705 71098.447054
12168356.986282 225220.651554
13042993.383602 1044441.442698
13980496.840820 1877485.145106
14985386.112509 350089.637644
16062504.751999 117375.690843
17217044.457242 63147.927880
18454570.094726 42458.878315
19781046.522064 32579.994931
21202867.338529 27908.940643
22726885.702121 30136.810500
24360447.361695 35550.330066
26111426.063385 88679.299361
27988261.501950 21088.270976
30000000.000000 25838.164715
