1000000.000000 3515.681443
1071877.937038 3513.782463
1148922.311910 3632.285055
1231504.477507 3475.696404
1320022.478804 4145.120536
1414902.971424 4259.138760
1516603.278120 5377.568125
1625613.593056 5941.289000
1742459.344547 6711.310051
1867703.727606 6253.185171
2001950.418545 6836.819894
2145846.484683 6699.416971
2300085.503203 6281.698460
2465410.904185 7089.041841
2642619.553930 6784.794422
2832565.595844 6988.028174
3036164.567399 6986.533554
3254397.813012 7347.569237
3488317.214114 8792.586836
3739050.259200 9201.508230
4007805.478313 8726.257756
4295878.268146 7385.966070
4604657.135828 6836.136325
4935630.391520 7118.999921
5290393.322046 6707.303993
5670655.880156 9116.470647
6078250.926476 9624.119403
6515143.063873 9060.469148
6983438.106813 9665.974045
7485393.231366 10679.491433
8023427.854758 12750.488589
8600135.296933 17484.793525
9218295.280328 21902.981072
9880887.328088 27782.294057
10591105.125339 38320.567896
11352371.912705 56029.078694
12168356.986282 83219.145000
13042993.383602 126926.343922
13980496.840820 203335.349966
14985386.112509 352366.669448
16062504.751999 665716.330316
17217044.457242 1090464.280926
18454570.094726 1115393.818799
19781046.522064 1039729.970232
21202867.338529 1075487.001087
22726885.702121 1165751.363610
24360447.361695 1213617.633280
26111426.063385 1178603.565040
27988261.501950 1104529.841380
30000000.000000 1083949.235448
