1000000.000000 26412.060664
1071877.937038 35263.997578
1148922.311910 48511.254087
1231504.477507 65217.667945
1320022.478804 92517.390318
1414902.971424 134867.191521
1516603.278120 206694.525820
1625613.593056 334187.261087
1742459.344547 592132.292411
1867703.727606 1042678.435710
2001950.418545 1331077.749538
2145846.484683 1278677.534285
2300085.503203 1250106.213382
2465410.904185 1307749.363605
2642619.553930 1417930.481484
2832565.595844 1490671.721114
3036164.567399 1463228.106912
3254397.813012 1376875.383460
3488317.214114 1343958.917403
3739050.259200 1395483.367245
4007805.478313 1420802.250845
4295878.268146 1020149.778964
4604657.135828 569168.474141
4935630.391520 326748.707426
5290393.322046 202072.529738
5670655.880156 132068.863006
6078250.926476 91415.158012
6515143.063873 64870.184101
6983438.106813 47305.012481
7485393.231366 35476.394082
8023427.854758 27396.125799
8600135.296933 20383.776441
9218295.280328 17143.011097
9880887.328088 13664.629301
10591105.125339 11579.065444
11352371.912705 9780.354847
12168356.986282 8957.524921
13042993.383602 9071.008651
13980496.840820 8243.402372
14985386.112509 8008.476993
16062504.751999 7383.755170
17217044.457242 7352.641070
18454570.094726 8526.719914
19781046.522064 10349.945217
21202867.338529 14535.290997
22726885.702121 17437.790855
24360447.361695 21060.835076
26111426.063385 47615.156100
27988261.501950 15920.496911
30000000.000000 27836.993096
