1000000.000000 3043.662409
1037964.318205 2940.975608
1077369.925866 2723.020624
1118271.540556 2707.426872
1160725.957160 3023.921491
1204792.126746 3089.084436
1250531.238417 2797.970067
1298006.804277 3609.660116
1347284.747626 3011.804759
1398433.494497 3128.667780
1451524.068670 2975.673399
1506630.190295 3399.939478
1563828.378256 3744.309980
1623198.056425 3947.939412
1684821.663948 4283.950007
1748784.769717 5155.400212
1815176.191185 4135.935872
1884088.117705 4038.174736
1955616.238531 3689.290701
2029859.875697 3917.077759
2106922.121928 3705.703188
2186909.983798 4721.496978
2269934.530307 4368.280300
2356111.047120 4270.861858
2445559.196638 4739.821452
2538403.184167 5630.984312
2634771.930382 6205.690081
2734799.250344 7472.477071
2838624.039310 7313.656240
2946390.465601 7717.782741
3058248.170792 7511.873359
3174352.477497 8905.566737
3294864.605046 8603.115461
3419951.893353 8835.940505
3549788.035277 11251.393182
3684553.317807 12749.679102
3824434.872406 16549.366450
3969626.934855 16902.600240
4120331.114964 19841.198638
4276756.676520 24344.450868
4439120.827871 27887.033758
4607649.023529 32353.202994
4782575.277234 38044.197255
4964142.486896 46477.290454
5152602.771882 56583.384808
5348217.823095 68487.594292
5551259.266359 83812.774078
5762009.039583 103386.314189
5980759.784260 128818.314188
6207815.251815 162209.783951
6443490.725390 209566.767723
6688113.457637 273840.264379
6942023.125131 368446.065243
7205572.300037 509458.880619
7479126.939682 719820.103615
7763066.894713 1016176.611787
8057786.436547 1324927.727600
8363694.804849 1474341.950155
8681216.775787 1448704.782789
9010793.251866 1380699.347151
9352881.874155 1342428.203161
9707957.657756 1344603.260901
10076513.651392 1378816.014915
10459061.622046 1438863.775588
10856132.765587 1507950.703648
11268278.444371 1557150.226387
11696070.952851 1573085.868663
12140104.312249 1546504.108105
12600995.095396 1493915.942881
13079383.282893 1447699.280334
13575933.151764 1416807.133938
14091334.197862 1429953.511078
14626302.093277 1468048.578331
15181579.680103 1470777.283154
15757938.001927 1313825.999690
16356177.374481 990782.230987
16977128.496936 678953.656070
17621653.605395 462143.029131
18290647.670161 322634.601448
18985039.638479 227715.701176
19705793.724441 161388.889493
20453910.747870 115964.967699
21230429.524031 85620.147632
22036428.306102 65081.579223
22873026.282408 48050.701659
23741385.130495 33668.218208
24642710.630207 23613.784620
25578254.337996 21239.687453
26549315.324802 22089.502183
27557241.979907 28594.448291
28603433.883274 34843.753053
29689343.748963 42111.518894
30816479.442334 44376.781233
31986406.073829 48626.676357
33200748.172237 51810.891848
34461191.940479 60094.053104
35769487.597017 63365.531047
37127451.806166 70576.089093
38536970.200661 76198.116082
40000000.000000 80393.980085
