1000000.000000 2520237.358287
1037964.318205 3152.678099
1077369.925866 31486.020469
1118271.540556 3571.041267
1160725.957160 3114.167798
1204792.126746 6495.005285
1250531.238417 3567.940635
1298006.804277 2553.748958
1347284.747626 3435.777047
1398433.494497 3129.282100
1451524.068670 3298.580497
1506630.190295 3379.254003
1563828.378256 3091.824947
1623198.056425 3057.069222
1684821.663948 3931.002992
1748784.769717 4331.322764
1815176.191185 3566.505634
1884088.117705 4289.771807
1955616.238531 3899.691517
2029859.875697 13255.747046
2106922.121928 4594.627582
2186909.983798 5236.914898
2269934.530307 4749.472725
2356111.047120 4126.781604
2445559.196638 7953.862290
2538403.184167 6846.125289
2634771.930382 4536.917946
2734799.250344 3792.135936
2838624.039310 3932.242830
2946390.465601 5336.392723
3058248.170792 5299.937849
3174352.477497 7624.115663
3294864.605046 4976.475732
3419951.893353 4501.631596
3549788.035277 8170.026210
3684553.317807 6343.205120
3824434.872406 4301.952165
3969626.934855 5624.262793
4120331.114964 5232.033080
4276756.676520 4734.747641
4439120.827871 6076.419035
4607649.023529 5658.249533
4782575.277234 6240.779092
4964142.486896 12636.996108
5152602.771882 4940.462710
5348217.823095 4865.305294
5551259.266359 5191.215665
5762009.039583 13685.599331
5980759.784260 99837.565960
6207815.251815 7127.079175
6443490.725390 5840.388631
6688113.457637 6792.571473
6942023.125131 11630.023903
7205572.300037 21001.133156
7479126.939682 23049.475481
7763066.894713 23840.230707
8057786.436547 66458.982967
8363694.804849 124581.205238
8681216.775787 115081.457914
9010793.251866 109973.610520
9352881.874155 111618.201341
9707957.657756 132310.036108
10076513.651392 164008.056825
10459061.622046 127240.679216
10856132.765587 41042.646604
11268278.444371 38412.361023
11696070.952851 110959.066400
12140104.312249 180868.467013
12600995.095396 145558.122188
13079383.282893 119500.208668
13575933.151764 120744.603864
14091334.197862 150445.671976
14626302.093277 215624.109653
15181579.680103 166503.624070
15757938.001927 46804.518693
16356177.374481 36446.353374
16977128.496936 139326.307001
17621653.605395 76291.480600
18290647.670161 46242.945893
18985039.638479 27230.912425
19705793.724441 36144.837870
20453910.747870 20420.362124
21230429.524031 38813.292366
22036428.306102 33114.831867
22873026.282408 38759.195192
23741385.130495 41527.027661
24642710.630207 48540.198791
25578254.337996 65894.218860
26549315.324802 62166.825436
27557241.979907 62521.195826
28603433.883274 60554.199638
29689343.748963 57157.525855
30816479.442334 44097.677697
31986406.073829 41028.514875
33200748.172237 34438.824565
34461191.940479 12900.338903
35769487.597017 35228.676669
37127451.806166 33286.966543
38536970.200661 26631.313351
40000000.000000 56503.456140
