1000000.000000 950.222438
1037964.318205 818.139177
1077369.925866 786.151370
1118271.540556 794.582828
1160725.957160 838.541197
1204792.126746 925.678282
1250531.238417 786.801082
1298006.804277 873.754401
1347284.747626 856.796031
1398433.494497 846.322943
1451524.068670 823.470129
1506630.190295 883.950360
1563828.378256 933.447835
1623198.056425 802.558441
1684821.663948 847.063059
1748784.769717 858.905303
1815176.191185 852.352380
1884088.117705 755.747258
1955616.238531 831.144228
2029859.875697 894.038672
2106922.121928 925.719913
2186909.983798 898.991991
2269934.530307 877.652664
2356111.047120 878.068109
2445559.196638 993.154817
2538403.184167 908.808225
2634771.930382 890.523953
2734799.250344 1531.889142
2838624.039310 925.381818
2946390.465601 949.726206
3058248.170792 920.500137
3174352.477497 1001.792168
3294864.605046 959.293506
3419951.893353 717.960461
3549788.035277 861.369624
3684553.317807 803.470129
3824434.872406 773.298557
3969626.934855 835.837662
4120331.114964 938.869304
4276756.676520 739.742207
4439120.827871 867.352380
4607649.023529 1194.213743
4782575.277234 861.757837
4964142.486896 930.642283
5152602.771882 845.055916
5348217.823095 925.050865
5551259.266359 870.009235
5762009.039583 828.786984
5980759.784260 927.820148
6207815.251815 841.440692
6443490.725390 827.109740
6688113.457637 842.068109
6942023.125131 872.835188
7205572.300037 912.771645
7479126.939682 868.245023
7763066.894713 960.972869
8057786.436547 1037.913128
8363694.804849 854.286363
8681216.775787 879.310750
9010793.251866 927.820418
9352881.874155 1666.092677
9707957.657756 712.250353
10076513.651392 821.009907
10459061.622046 880.796031
10856132.765587 926.459748
11268278.444371 842.310750
11696070.952851 1058.972034
12140104.312249 1086.941924
12600995.095396 971.259018
13079383.282893 889.878340
13575933.151764 892.656090
14091334.197862 834.185858
14626302.093277 877.152043
15181579.680103 1059.185217
15757938.001927 893.050865
16356177.374481 2458.892449
16977128.496936 828.854906
17621653.605395 870.728400
18290647.670161 851.219984
18985039.638479 1019.576566
19705793.724441 6315.046407
20453910.747870 3574.556396
21230429.524031 1088.111975
22036428.306102 958.002000
22873026.282408 2215.835175
23741385.130495 958.424072
24642710.630207 1551.625493
25578254.337996 2406.446527
26549315.324802 1441.904318
27557241.979907 1362.341334
28603433.883274 1757.416096
29689343.748963 2774.259845
30816479.442334 4384.978142
31986406.073829 9822.260656
33200748.172237 2635.777937
34461191.940479 1241.197616
35769487.597017 1489.732273
37127451.806166 1269.996322
38536970.200661 1524.423842
40000000.000000 5049.166776
