3000000.0 4.54357848477
3182455.0 4.60452976134
3376007.0 4.39969148006
3581330.0 4.29485413582
3799141.0 4.38228430327
4030198.0 4.30053392332
4275308.0 4.20634384116
4535325.0 4.17708073641
4811156.0 4.16232402618
5103763.0 4.05895766354
5414165.0 4.05967604759
5743446.0 4.03674220196
6092753.0 3.98374406792
6463304.0 3.95999320072
6856392.0 3.92932230582
7273386.0 4.09982503055
7715741.0 3.96570278788
8185000.0 3.59677969282
8682798.0 3.55615120852
9210872.0 3.64434680623
9771062.0 3.48849923055
10365322.0 3.48380866319
10995724.0 3.81595248144
11664466.0 3.81940048083
12373879.0 3.62794436019
13126438.0 3.42567597213
13924767.0 3.48471912054
14771648.0 3.41819374496
15670035.0 3.15340914854
16623061.0 2.90234382417
17634048.0 3.76118943784
18706522.0 3.21579163445
19844222.0 2.78596216506
21051115.0 2.68401540752
22331409.0 2.52137117978
23689569.0 2.56139038662
25130329.0 2.66632323887
26658714.0 1.94861763836
28280054.0 1.88902857795
30000000.0 1.87409444255
