3000000.0 2.02294191083
3182455.0 2.01371023497
3376007.0 1.95829688011
3581330.0 1.95251793582
3799141.0 1.87049221829
4030198.0 1.9175695394
4275308.0 1.95558513006
4535325.0 1.98044342925
4811156.0 1.94074494972
5103763.0 1.86252267577
5414165.0 1.90080061802
5743446.0 1.85251248831
6092753.0 1.88279901977
6463304.0 1.8671267499
6856392.0 1.96482000512
7273386.0 1.90047808914
7715741.0 1.81990486921
8185000.0 1.71011332655
8682798.0 1.74897768225
9210872.0 1.86092589413
9771062.0 1.71444117986
10365322.0 1.79396018664
10995724.0 1.74169773781
11664466.0 1.76469942556
12373879.0 1.6797567426
13126438.0 1.73176442801
13924767.0 1.77434467064
14771648.0 1.53084182513
15670035.0 1.42681667855
16623061.0 1.37661196797
17634048.0 1.45455221858
18706522.0 1.24776631886
19844222.0 1.13396194305
21051115.0 1.06888575129
22331409.0 1.01256286512
23689569.0 1.00408770624
25130329.0 1.06064411525
26658714.0 1.02264911749
28280054.0 0.892141095773
30000000.0 0.938350727235
