3000000.0 2.86863550085
3144339.40246 2.81421577304
3295623.42596 2.7838072546
3454186.19798 2.76855497033
3620377.92192 2.81785570348
3794565.65057 2.83064975265
3977134.09677 2.82391026577
4168486.48312 2.67073214198
4369045.4325 2.70130322754
4579253.90153 2.67799116417
4799576.15882 2.69023045982
5030498.81043 2.57858121948
5272531.87456 2.69917436442
5526209.90798 2.62999895597
5792093.18665 2.60850946663
6070768.94318 2.71526573051
6362852.66376 2.53678671756
6668989.44758 2.54976185168
6989855.43155 2.70776112476
7326159.28365 2.60368524448
7678643.7681 2.49907900765
8048087.38584 2.58326312626
8435306.09392 2.60580842042
8841155.10766 2.6854356016
9266530.78943 2.60385957885
9712372.62845 2.52925166652
10179665.3157 2.46183691193
10669440.9187 2.5540217883
11182781.1609 2.69418139358
11720819.8112 2.64981621748
12284745.1871 2.35493798052
12875802.7804 2.55224388095
13495298.0069 2.55407894245
14144599.0904 2.2925375368
14825140.084 2.44770171597
15538424.0377 2.44997955251
16286026.318 2.45129839531
17069598.0871 2.19455441734
17890869.9498 2.91217171897
18751655.7758 2.61262046365
19653856.7058 2.45550880876
20599465.3501 2.39086872013
21590570.19 2.37094381734
22629360.1901 2.18087861323
23718129.6327 2.21807050633
24859283.1856 2.2765978151
26055341.2125 2.66106314349
27308945.3397 2.06696956671
28622864.2905 2.06028310464
30000000.0 2.06960322447
