3000000.0 2.40744397655
3144339.40246 2.45586004006
3295623.42596 2.37989326687
3454186.19798 2.40018301951
3620377.92192 2.34963884694
3794565.65057 2.35204745739
3977134.09677 2.2936406544
4168486.48312 2.25348247366
4369045.4325 2.35800814817
4579253.90153 2.26227700296
4799576.15882 2.29530960639
5030498.81043 2.35645983524
5272531.87456 2.33954895066
5526209.90798 2.28542935523
5792093.18665 2.34697971982
6070768.94318 2.21946387416
6362852.66376 2.27308254466
6668989.44758 2.27795653371
6989855.43155 2.15393429117
7326159.28365 2.18080104022
7678643.7681 2.07643030183
8048087.38584 2.2421641134
8435306.09392 2.20609425764
8841155.10766 2.43816920343
9266530.78943 2.29382202386
9712372.62845 2.05097457599
10179665.3157 2.02705694467
10669440.9187 2.10113364696
11182781.1609 2.18649066909
11720819.8112 2.23488036693
12284745.1871 2.09800495238
12875802.7804 2.12404365768
13495298.0069 2.11907336785
14144599.0904 1.95258673984
14825140.084 2.08450617847
15538424.0377 2.00176732834
16286026.318 2.01722867977
17069598.0871 1.88818570999
17890869.9498 2.14647355525
18751655.7758 2.07622161171
19653856.7058 1.91927700135
20599465.3501 2.03726711196
21590570.19 2.01169541156
22629360.1901 2.13236399577
23718129.6327 2.12806793567
24859283.1856 2.22653754876
26055341.2125 2.07279637689
27308945.3397 1.77672705767
28622864.2905 1.89808231834
30000000.0 1.89739993142
