3000000.0 4.03610124868
3144339.40246 4.05922566848
3295623.42596 4.09475184955
3454186.19798 4.06337367632
3620377.92192 3.98541311244
3794565.65057 3.95224709796
3977134.09677 3.92392613535
4168486.48312 4.03306293293
4369045.4325 3.92648434692
4579253.90153 4.00914552049
4799576.15882 4.00112740083
5030498.81043 3.88774127797
5272531.87456 3.88110584716
5526209.90798 4.07012842315
5792093.18665 3.75658438385
6070768.94318 3.8662121317
6362852.66376 3.83714473519
6668989.44758 3.53954466228
6989855.43155 3.66612151119
7326159.28365 3.79735453789
7678643.7681 3.6831710921
8048087.38584 3.70682606938
8435306.09392 3.76527886006
8841155.10766 3.61365225045
9266530.78943 3.66480159601
9712372.62845 3.63399093239
10179665.3157 3.58087529084
10669440.9187 3.01753636687
11182781.1609 3.14767431782
11720819.8112 3.23490213691
12284745.1871 3.29450285411
12875802.7804 3.0575442332
13495298.0069 3.30402935218
14144599.0904 3.2820576995
14825140.084 3.12672949893
15538424.0377 2.99438297605
16286026.318 2.92271536273
17069598.0871 2.90820729301
17890869.9498 2.58261708864
18751655.7758 2.49871363853
19653856.7058 2.42734791634
20599465.3501 2.36647056685
21590570.19 2.2370465005
22629360.1901 2.15337122027
23718129.6327 2.15999901316
24859283.1856 2.00345413665
26055341.2125 1.76727379336
27308945.3397 1.32482705874
28622864.2905 1.21618526495
30000000.0 1.37645604302
