3000000.0 5.89092477372
3182455.0 5.67233223002
3376007.0 5.39858026827
3581330.0 5.26763529937
3799141.0 5.36735387477
4030198.0 5.27639670344
4275308.0 5.25404044357
4535325.0 5.08740869516
4811156.0 5.17107568776
5103763.0 4.90604810133
5414165.0 5.07613569695
5743446.0 5.0419999103
6092753.0 5.06901854543
6463304.0 4.87935775683
6856392.0 5.38425247077
7273386.0 4.70325099323
7715741.0 4.80001936263
8185000.0 4.63955026044
8682798.0 4.33151660943
9210872.0 4.73225211444
9771062.0 4.32828538277
10365322.0 4.44410058467
10995724.0 4.51672041424
11664466.0 4.25098572148
12373879.0 4.45601308677
13126438.0 4.65129550604
13924767.0 4.62545252691
14771648.0 3.92003923064
15670035.0 4.16164120354
16623061.0 4.09673637889
17634048.0 4.9306696426
18706522.0 4.12164099306
19844222.0 4.21542946522
21051115.0 3.57221439147
22331409.0 3.55981355136
23689569.0 3.48140253173
25130329.0 3.2548985147
26658714.0 2.63779697733
28280054.0 2.82430185831
30000000.0 2.09250056266
