3000000.0 4.12951106046
3182455.0 3.94972557889
3376007.0 3.99244486796
3581330.0 3.95603302842
3799141.0 3.96905570113
4030198.0 3.99400514909
4275308.0 3.88246594751
4535325.0 3.89150954408
4811156.0 3.8116855505
5103763.0 3.69614694645
5414165.0 3.71813331493
5743446.0 3.65383107586
6092753.0 3.49192454892
6463304.0 3.53827102132
6856392.0 3.57973216416
7273386.0 3.78360498767
7715741.0 3.59824531456
8185000.0 3.32835091231
8682798.0 3.2918462557
9210872.0 3.22112720088
9771062.0 3.16632953292
10365322.0 3.42428410343
10995724.0 3.36839763179
11664466.0 3.35533509224
12373879.0 3.30442735212
13126438.0 3.38114400012
13924767.0 3.26834040306
14771648.0 3.00881098479
15670035.0 2.7686281882
16623061.0 2.56675662415
17634048.0 3.0599205222
18706522.0 2.4597901282
19844222.0 2.16801355658
21051115.0 1.98156648026
22331409.0 1.83997653504
23689569.0 1.88287140003
25130329.0 1.91789165743
26658714.0 1.64353915983
28280054.0 1.5878552872
30000000.0 1.6737956748
