3000000.0 1.13340957599
3144339.40246 1.06717294537
3295623.42596 1.10270165925
3454186.19798 1.07769399167
3620377.92192 1.07887514287
3794565.65057 1.12188918367
3977134.09677 1.07333800495
4168486.48312 1.10891882248
4369045.4325 1.03586828837
4579253.90153 1.02798182098
4799576.15882 1.06853751826
5030498.81043 1.11183049366
5272531.87456 1.08255303912
5526209.90798 1.05672967303
5792093.18665 1.09058498725
6070768.94318 0.997018068453
6362852.66376 1.05812422166
6668989.44758 1.02777540891
6989855.43155 0.977908895961
7326159.28365 1.06842264095
7678643.7681 1.08506498543
8048087.38584 1.01207762687
8435306.09392 1.09667362975
8841155.10766 1.15319037286
9266530.78943 1.06162077333
9712372.62845 1.03545430827
10179665.3157 0.990804598847
10669440.9187 1.08277249179
11182781.1609 1.10287809558
11720819.8112 1.12048554772
12284745.1871 1.04158209739
12875802.7804 1.17568320428
13495298.0069 1.11767689406
14144599.0904 1.07971666291
14825140.084 1.06854343124
15538424.0377 1.0208560089
16286026.318 0.999595208717
17069598.0871 0.994665246306
17890869.9498 1.02964558022
18751655.7758 0.890339410158
19653856.7058 0.981369734989
20599465.3501 0.957530320273
21590570.19 0.889394671641
22629360.1901 0.933405529748
23718129.6327 1.00927759996
24859283.1856 1.13761084342
26055341.2125 1.3785188656
27308945.3397 0.935400939017
28622864.2905 0.967723963266
30000000.0 0.998714776827
