3000000.0 3.34298075217
3182455.0 3.22009522405
3376007.0 3.19255799067
3581330.0 3.23775065741
3799141.0 3.17294892487
4030198.0 3.15411669547
4275308.0 3.12453180692
4535325.0 3.06586189136
4811156.0 3.03013762251
5103763.0 3.01212686235
5414165.0 2.9608967356
5743446.0 2.90703606674
6092753.0 3.09519729281
6463304.0 2.9618367668
6856392.0 2.96759038397
7273386.0 2.85054379237
7715741.0 2.84557042072
8185000.0 2.78467908461
8682798.0 2.62507260362
9210872.0 2.57224788972
9771062.0 2.64917667977
10365322.0 2.92273867144
10995724.0 2.88768248457
11664466.0 2.59769495499
12373879.0 2.75652965009
13126438.0 2.80819060853
13924767.0 2.61592159158
14771648.0 2.41791456059
15670035.0 2.30215667586
16623061.0 2.09820888547
17634048.0 2.39888277811
18706522.0 2.10699989722
19844222.0 1.81771199294
21051115.0 1.67821198105
22331409.0 1.60184319393
23689569.0 1.4866152349
25130329.0 1.53570225433
26658714.0 1.54682279542
28280054.0 1.33282733105
30000000.0 1.42205678789
