3000000.0 5.14384172034
3182455.0 5.21638341481
3376007.0 5.29684320967
3581330.0 4.9776652593
3799141.0 5.00632008233
4030198.0 4.87277956374
4275308.0 4.89177391557
4535325.0 4.70920709408
4811156.0 4.79420389296
5103763.0 4.68478921729
5414165.0 4.56217109332
5743446.0 4.39169613394
6092753.0 4.4162109392
6463304.0 4.34277795778
6856392.0 4.67663167212
7273386.0 4.64554858973
7715741.0 4.53189837443
8185000.0 4.38831160358
8682798.0 4.05276549321
9210872.0 4.06241269801
9771062.0 4.00893930935
10365322.0 4.13549755483
10995724.0 4.11671095606
11664466.0 3.88760822601
12373879.0 4.15869569588
13126438.0 4.17081635293
13924767.0 4.07426636381
14771648.0 3.71951205052
15670035.0 3.65849841807
16623061.0 3.49008627923
17634048.0 4.21856555602
18706522.0 3.74292796005
19844222.0 3.35565571113
21051115.0 3.03938974209
22331409.0 3.07679891822
23689569.0 2.96305758389
25130329.0 3.14131648958
26658714.0 2.28627265891
28280054.0 2.23194079711
30000000.0 1.73772261493
