3000000.0 2.12983047466
3144339.40246 1.95976983936
3295623.42596 1.97014651806
3454186.19798 1.99830580293
3620377.92192 1.9982265547
3794565.65057 2.0103218349
3977134.09677 1.95884082137
4168486.48312 1.92164121373
4369045.4325 1.95365001546
4579253.90153 1.96315918546
4799576.15882 1.85968831797
5030498.81043 1.89256800369
5272531.87456 1.922372329
5526209.90798 1.93127852743
5792093.18665 1.88705870572
6070768.94318 1.92036867002
6362852.66376 1.93931780411
6668989.44758 1.81469113162
6989855.43155 1.77606140496
7326159.28365 1.91228970258
7678643.7681 1.81860662135
8048087.38584 1.79565449957
8435306.09392 1.86224246786
8841155.10766 2.03309818186
9266530.78943 1.83967365508
9712372.62845 1.86981055159
10179665.3157 1.71909188038
10669440.9187 1.80341546039
11182781.1609 1.81072353823
11720819.8112 1.91135287059
12284745.1871 1.81193524314
12875802.7804 1.88777023077
13495298.0069 1.8058067338
14144599.0904 1.79391578857
14825140.084 1.83271811568
15538424.0377 1.72459035712
16286026.318 1.69170689422
17069598.0871 1.68781014814
17890869.9498 2.03504603461
18751655.7758 1.83259057481
19653856.7058 1.67363150013
20599465.3501 1.77139145741
21590570.19 1.78517698887
22629360.1901 1.57004881921
23718129.6327 1.66844695039
24859283.1856 1.70325387802
26055341.2125 2.46268713331
27308945.3397 1.60452185258
28622864.2905 1.62677270155
30000000.0 1.58341339419
