3000000.0 3.07554332185
3247910.0 3.17991565347
3516307.0 2.99753578413
3806883.0 3.27047447348
4121471.0 3.01420868719
4462056.0 3.00626662552
4830786.0 2.88447025859
5229986.0 2.87244604111
5662175.0 2.7460277313
6130079.0 3.07333601081
6636649.0 3.24877147686
7185080.0 2.88221050072
7778831.0 3.02186086321
8421649.0 2.54828145647
9117586.0 2.27147390378
9871034.0 2.41195679498
10686744.0 2.4352568239
11569861.0 2.02263934171
12525957.0 2.983503268
13561061.0 2.76829154563
14681703.0 2.61097256899
15894951.0 2.02809705877
17208458.0 2.83628550124
18630508.0 3.11992568314
20170073.0 2.25862676418
21836862.0 2.97796090901
23641388.0 2.51506520963
25595036.0 2.16032930875
27710126.0 1.50841207445
30000000.0 0.811561787009
