3000000.0 1.37984873955
3144339.40246 1.36158287971
3295623.42596 1.33582728806
3454186.19798 1.32201570029
3620377.92192 1.36244176166
3794565.65057 1.31526933646
3977134.09677 1.39507281582
4168486.48312 1.32144619713
4369045.4325 1.31192173336
4579253.90153 1.31240653589
4799576.15882 1.32165067436
5030498.81043 1.25244965019
5272531.87456 1.30911290362
5526209.90798 1.30605759403
5792093.18665 1.29373474473
6070768.94318 1.33950035962
6362852.66376 1.34493445514
6668989.44758 1.29078231041
6989855.43155 1.26292652423
7326159.28365 1.25118004605
7678643.7681 1.39693926865
8048087.38584 1.26528695942
8435306.09392 1.30704863164
8841155.10766 1.38018081634
9266530.78943 1.30671058318
9712372.62845 1.19543910975
10179665.3157 1.25350761566
10669440.9187 1.29329324302
11182781.1609 1.32556813278
11720819.8112 1.34115146426
12284745.1871 1.27506808763
12875802.7804 1.27951105302
13495298.0069 1.26019458112
14144599.0904 1.2725626661
14825140.084 1.27165848081
15538424.0377 1.25440651567
16286026.318 1.29369398159
17069598.0871 1.19735235608
17890869.9498 1.26175324572
18751655.7758 1.12492196347
19653856.7058 1.15225775376
20599465.3501 1.14991956386
21590570.19 1.20337377724
22629360.1901 1.19118048722
23718129.6327 1.1761014311
24859283.1856 1.31439475885
26055341.2125 1.38009824254
27308945.3397 1.19236005572
28622864.2905 1.16849425047
30000000.0 1.25906939431
