3000000.0 3.520695062
3144339.40246 3.6747103735
3295623.42596 3.48865475361
3454186.19798 3.48209911517
3620377.92192 3.343775043
3794565.65057 3.49577706405
3977134.09677 3.36478139606
4168486.48312 3.33872727267
4369045.4325 3.36361025335
4579253.90153 3.37067518383
4799576.15882 3.36970580458
5030498.81043 3.3006651074
5272531.87456 3.29079980682
5526209.90798 3.29365418159
5792093.18665 3.21595364845
6070768.94318 3.10119574845
6362852.66376 3.06123799223
6668989.44758 3.03606767603
6989855.43155 3.1085643965
7326159.28365 2.98416067344
7678643.7681 3.11025579473
8048087.38584 2.97906261694
8435306.09392 3.09063749936
8841155.10766 3.14426102635
9266530.78943 2.93809445868
9712372.62845 3.00110763871
10179665.3157 3.00700434119
10669440.9187 2.62380453245
11182781.1609 2.83572169416
11720819.8112 2.73236658643
12284745.1871 2.61898850132
12875802.7804 2.49310285599
13495298.0069 2.61739071496
14144599.0904 2.60884391399
14825140.084 2.55933417237
15538424.0377 2.4381991543
16286026.318 2.41828855645
17069598.0871 2.35748128431
17890869.9498 2.20251773752
18751655.7758 2.10488499586
19653856.7058 2.00381056967
20599465.3501 1.88238359924
21590570.19 1.89324909242
22629360.1901 1.73418140556
23718129.6327 1.84051136411
24859283.1856 1.68448322353
26055341.2125 1.94557376179
27308945.3397 1.09040987396
28622864.2905 1.1321911205
30000000.0 1.19727342618
