3000000.0 6.21105426983
3144339.40246 5.98329641812
3295623.42596 5.83255687769
3454186.19798 5.91505499665
3620377.92192 5.90964918576
3794565.65057 5.81380644317
3977134.09677 5.5695687982
4168486.48312 5.80203366699
4369045.4325 5.48096591433
4579253.90153 5.43246025296
4799576.15882 5.44046559167
5030498.81043 5.31666707952
5272531.87456 5.53650695719
5526209.90798 5.37436704479
5792093.18665 5.5798302136
6070768.94318 5.18939044999
6362852.66376 4.92403834113
6668989.44758 5.28589749737
6989855.43155 5.35699632571
7326159.28365 5.56090917216
7678643.7681 4.9829101783
8048087.38584 4.80980408296
8435306.09392 4.69108806494
8841155.10766 4.7000708227
9266530.78943 4.75728089419
9712372.62845 4.69741672122
10179665.3157 4.54126032081
10669440.9187 4.71056000814
11182781.1609 4.61639875474
11720819.8112 4.60439628263
12284745.1871 5.07131305749
12875802.7804 4.54546311224
13495298.0069 4.39603063634
14144599.0904 4.47050500922
14825140.084 4.2879063607
15538424.0377 3.99450477584
16286026.318 4.02724697781
17069598.0871 3.93783141651
17890869.9498 4.78534716797
18751655.7758 4.20247416507
19653856.7058 3.84689282172
20599465.3501 3.56418989825
21590570.19 3.48968537356
22629360.1901 3.42589147153
23718129.6327 3.20742426807
24859283.1856 3.40286370262
26055341.2125 3.17452040221
27308945.3397 2.39687323101
28622864.2905 2.28302279702
30000000.0 2.05635269816
