3000000.0 3.3909195834
3144339.40246 3.30768595814
3295623.42596 3.36779481144
3454186.19798 3.21313011189
3620377.92192 3.14456783471
3794565.65057 3.1893325596
3977134.09677 3.07135629745
4168486.48312 3.21620745687
4369045.4325 3.02220420349
4579253.90153 3.07782054337
4799576.15882 3.13249943945
5030498.81043 3.06263178681
5272531.87456 3.04055281117
5526209.90798 3.12843517724
5792093.18665 3.05133423141
6070768.94318 3.0639705133
6362852.66376 3.01521964335
6668989.44758 3.09096945876
6989855.43155 2.91445583858
7326159.28365 3.07094808808
7678643.7681 3.04254215624
8048087.38584 2.80670146817
8435306.09392 2.93253580466
8841155.10766 3.18911149042
9266530.78943 2.9731726899
9712372.62845 2.82135877095
10179665.3157 2.63477234779
10669440.9187 2.9144940461
11182781.1609 2.98829310302
11720819.8112 3.10176723619
12284745.1871 2.85212187112
12875802.7804 2.92598550123
13495298.0069 3.03160812764
14144599.0904 2.73818100858
14825140.084 2.78734231622
15538424.0377 2.8339044641
16286026.318 2.81589702054
17069598.0871 2.5942706662
17890869.9498 3.35685372982
18751655.7758 2.98451129294
19653856.7058 2.58602897351
20599465.3501 2.70514307014
21590570.19 2.60522285355
22629360.1901 2.52533741628
23718129.6327 2.52636090862
24859283.1856 2.5793097881
26055341.2125 3.57396192119
27308945.3397 2.41182364004
28622864.2905 2.43513706029
30000000.0 2.19833424285
