3000000.0 1.6973677033
3144339.40246 1.69580320928
3295623.42596 1.66243109901
3454186.19798 1.59758913646
3620377.92192 1.60746405261
3794565.65057 1.68027128609
3977134.09677 1.59070430211
4168486.48312 1.65282450613
4369045.4325 1.59312297974
4579253.90153 1.67469223806
4799576.15882 1.63583082194
5030498.81043 1.57917058471
5272531.87456 1.63379179351
5526209.90798 1.56411553266
5792093.18665 1.60308948936
6070768.94318 1.59698495025
6362852.66376 1.55688108354
6668989.44758 1.575344293
6989855.43155 1.57578287999
7326159.28365 1.53174126928
7678643.7681 1.64164767336
8048087.38584 1.62742874765
8435306.09392 1.62738085691
8841155.10766 1.69953259738
9266530.78943 1.48591798993
9712372.62845 1.4943490014
10179665.3157 1.43320093115
10669440.9187 1.43012868641
11182781.1609 1.61383834645
11720819.8112 1.56455210125
12284745.1871 1.54794273975
12875802.7804 1.52444401267
13495298.0069 1.58632518276
14144599.0904 1.5074871135
14825140.084 1.56059780809
15538424.0377 1.42314063359
16286026.318 1.46392522097
17069598.0871 1.27574332207
17890869.9498 1.3847389684
18751655.7758 1.39518079133
19653856.7058 1.37570966781
20599465.3501 1.49725697896
21590570.19 1.50332565421
22629360.1901 1.43281317448
23718129.6327 1.44969836389
24859283.1856 1.60693920716
26055341.2125 1.58977386854
27308945.3397 1.3414695206
28622864.2905 1.27361270019
30000000.0 1.47102169398
