3000000.0 4.86762975575
3182455.0 4.90889962009
3376007.0 4.72126691232
3581330.0 4.7694307232
3799141.0 4.75334157646
4030198.0 4.66683205991
4275308.0 4.64237743193
4535325.0 4.56655419079
4811156.0 4.51352195167
5103763.0 4.47182184258
5414165.0 4.45736140397
5743446.0 4.344567901
6092753.0 4.43393233646
6463304.0 4.21529893506
6856392.0 4.29075260315
7273386.0 4.25982314279
7715741.0 4.06452061402
8185000.0 4.13181362128
8682798.0 3.96116719945
9210872.0 3.73804364418
9771062.0 3.78894638352
10365322.0 3.89778217728
10995724.0 3.94017506777
11664466.0 3.80136860644
12373879.0 4.02747081049
13126438.0 4.01227334363
13924767.0 3.81454535281
14771648.0 3.49489299723
15670035.0 3.27794975943
16623061.0 3.02996628641
17634048.0 3.99341247947
18706522.0 2.88403808159
19844222.0 2.54101293509
21051115.0 2.33562279091
22331409.0 2.10636660672
23689569.0 2.18794546959
25130329.0 2.14823657969
26658714.0 1.9850538431
28280054.0 1.79672864615
30000000.0 1.80237570339
