3000000.0 0.869471701656
3144339.40246 0.858334584504
3295623.42596 0.855825812546
3454186.19798 0.887474038068
3620377.92192 0.856078842045
3794565.65057 0.818651001736
3977134.09677 0.852086926261
4168486.48312 0.815625114771
4369045.4325 0.876551758791
4579253.90153 0.867918195978
4799576.15882 0.838177563444
5030498.81043 0.816881937963
5272531.87456 0.826144059106
5526209.90798 0.855222037197
5792093.18665 0.82210509018
6070768.94318 0.855434161306
6362852.66376 0.859932228614
6668989.44758 0.852613647867
6989855.43155 0.864446711799
7326159.28365 0.872995255652
7678643.7681 0.851538914352
8048087.38584 0.870251075736
8435306.09392 0.855600388213
8841155.10766 0.889375977717
9266530.78943 0.794171972681
9712372.62845 0.831187365862
10179665.3157 0.880359591352
10669440.9187 0.830640828224
11182781.1609 0.895178122302
11720819.8112 0.922028482376
12284745.1871 0.853637894255
12875802.7804 0.90292011366
13495298.0069 0.93794967034
14144599.0904 0.915865441204
14825140.084 0.834099129568
15538424.0377 0.843319155551
16286026.318 0.800605590306
17069598.0871 0.77927536533
17890869.9498 0.807544605404
18751655.7758 0.753621190582
19653856.7058 0.774070739923
20599465.3501 0.788686209227
21590570.19 0.751287037498
22629360.1901 0.797275550052
23718129.6327 0.81152054103
24859283.1856 0.948439442712
26055341.2125 1.02685047745
27308945.3397 0.829730939871
28622864.2905 0.872875880943
30000000.0 0.877450859743
