3000000.0 4.81129112136
3144339.40246 4.76562024453
3295623.42596 4.80022649493
3454186.19798 4.62372808009
3620377.92192 4.70381417255
3794565.65057 4.70167467326
3977134.09677 4.83529856046
4168486.48312 4.91296229064
4369045.4325 4.73662641805
4579253.90153 4.61595679246
4799576.15882 4.63114585838
5030498.81043 4.8485142953
5272531.87456 4.57678090724
5526209.90798 4.56886574641
5792093.18665 4.61223401269
6070768.94318 4.79218668308
6362852.66376 5.32893039512
6668989.44758 4.68135287675
6989855.43155 4.89848604796
7326159.28365 5.32766771765
7678643.7681 4.7219943837
8048087.38584 4.84435154679
8435306.09392 4.71829699871
8841155.10766 4.24211624245
9266530.78943 4.43851594201
9712372.62845 4.96113466956
10179665.3157 4.59997864436
10669440.9187 3.73997976349
11182781.1609 3.48631350675
11720819.8112 3.98458019427
12284745.1871 5.09791691772
12875802.7804 4.58377131269
13495298.0069 3.28267915508
14144599.0904 3.9972949952
14825140.084 4.39471284106
15538424.0377 3.93519028102
16286026.318 3.96627370661
17069598.0871 4.1000061155
17890869.9498 3.69393891865
18751655.7758 3.5789600848
19653856.7058 3.93186364989
20599465.3501 3.64818497362
21590570.19 3.35638870257
22629360.1901 3.44724510262
23718129.6327 3.53469274243
24859283.1856 3.18950117297
26055341.2125 2.56705789451
27308945.3397 1.50782295849
28622864.2905 1.78927062399
30000000.0 1.77236597072
