3000000.0 4.44461155193
3144339.40246 4.37227150353
3295623.42596 4.46373867122
3454186.19798 4.52325972036
3620377.92192 4.43819534798
3794565.65057 4.56743701811
3977134.09677 4.5074493411
4168486.48312 4.48374832436
4369045.4325 4.48269647281
4579253.90153 4.36772405531
4799576.15882 4.52036706143
5030498.81043 4.2718376418
5272531.87456 4.41143394628
5526209.90798 4.6453483254
5792093.18665 4.33704384728
6070768.94318 4.62824489104
6362852.66376 4.40546907643
6668989.44758 3.94107973851
6989855.43155 4.21801717605
7326159.28365 4.26359571433
7678643.7681 4.05104449627
8048087.38584 4.203780403
8435306.09392 4.24412157665
8841155.10766 3.65246286804
9266530.78943 4.20352881394
9712372.62845 4.16732096618
10179665.3157 3.94449097774
10669440.9187 3.49687570911
11182781.1609 3.36273250139
11720819.8112 3.5821026327
12284745.1871 3.87169214032
12875802.7804 3.49359639075
13495298.0069 3.4158197499
14144599.0904 3.73841160968
14825140.084 3.71511487391
15538424.0377 3.50861147447
16286026.318 3.61065521712
17069598.0871 3.47695242283
17890869.9498 2.99873503437
18751655.7758 3.03736027054
19653856.7058 2.96032307824
20599465.3501 2.73229734668
21590570.19 2.64656886841
22629360.1901 2.46447619816
23718129.6327 2.39340123652
24859283.1856 2.48771569622
26055341.2125 2.3446878449
27308945.3397 1.40457343367
28622864.2905 1.41126871651
30000000.0 1.54416370212
