3000000.0 4.63025628047
3144339.40246 4.63691879717
3295623.42596 4.62592011875
3454186.19798 4.43854657927
3620377.92192 4.73988371691
3794565.65057 4.60743113953
3977134.09677 4.55329253389
4168486.48312 4.6062413029
4369045.4325 4.55992643173
4579253.90153 4.51277241108
4799576.15882 4.70361163018
5030498.81043 4.52440873515
5272531.87456 4.6732683485
5526209.90798 4.70126588592
5792093.18665 4.60544034505
6070768.94318 4.64248913489
6362852.66376 4.98814838054
6668989.44758 4.44869548792
6989855.43155 4.47885264311
7326159.28365 4.74590340417
7678643.7681 4.4039100935
8048087.38584 4.71376507007
8435306.09392 4.68992073325
8841155.10766 3.86351388282
9266530.78943 4.3818607504
9712372.62845 4.80347459805
10179665.3157 4.31928559733
10669440.9187 3.8231169278
11182781.1609 3.78161792064
11720819.8112 4.03808819831
12284745.1871 4.38576521796
12875802.7804 3.90760423574
13495298.0069 3.32860028202
14144599.0904 3.91700841953
14825140.084 4.29278672331
15538424.0377 3.74752915331
16286026.318 3.8771971667
17069598.0871 3.86765629602
17890869.9498 3.47003672542
18751655.7758 3.2599437563
19653856.7058 3.28156562711
20599465.3501 3.21070384606
21590570.19 2.97268488911
22629360.1901 3.03556919625
23718129.6327 2.89772849309
24859283.1856 2.86861285366
26055341.2125 2.58051541087
27308945.3397 1.45544383976
28622864.2905 1.57320884641
30000000.0 1.69743117232
