3000000.0 5.00502515107
3144339.40246 4.92142826069
3295623.42596 4.82777335977
3454186.19798 4.96355420966
3620377.92192 4.94670204603
3794565.65057 4.81015560773
3977134.09677 4.68577466025
4168486.48312 4.96348401492
4369045.4325 4.91871455093
4579253.90153 4.89960959338
4799576.15882 4.81207254768
5030498.81043 4.72060619273
5272531.87456 4.61356191795
5526209.90798 4.5515403804
5792093.18665 4.87356980877
6070768.94318 4.86682507941
6362852.66376 5.07520797714
6668989.44758 5.12300240693
6989855.43155 5.06833018684
7326159.28365 5.08087005057
7678643.7681 4.59577943813
8048087.38584 4.61408598448
8435306.09392 4.9122645264
8841155.10766 4.10132522691
9266530.78943 4.5277715395
9712372.62845 4.91599295951
10179665.3157 4.03503318219
10669440.9187 3.80319296411
11182781.1609 4.00899527374
11720819.8112 4.30132931139
12284745.1871 5.60602450758
12875802.7804 4.47587490654
13495298.0069 3.09354308148
14144599.0904 4.23868362936
14825140.084 4.62412953887
15538424.0377 3.91082455761
16286026.318 3.85688220433
17069598.0871 4.10415960958
17890869.9498 4.28237289155
18751655.7758 4.09723018519
19653856.7058 4.30180243022
20599465.3501 3.95341125531
21590570.19 3.94796188395
22629360.1901 3.72243950091
23718129.6327 3.68787051201
24859283.1856 3.57410318904
26055341.2125 2.99996637025
27308945.3397 1.51449820642
28622864.2905 1.80375204354
30000000.0 1.9661057655
