3000000.0 2.58877966923
3182455.0 2.67501002744
3376007.0 2.60627770337
3581330.0 2.52695300027
3799141.0 2.4473415983
4030198.0 2.54004982098
4275308.0 2.61719393435
4535325.0 2.44729422682
4811156.0 2.36968970791
5103763.0 2.38275638578
5414165.0 2.4550633538
5743446.0 2.3007677557
6092753.0 2.29918534667
6463304.0 2.39450441281
6856392.0 2.29671667633
7273386.0 2.39703559718
7715741.0 2.32212776932
8185000.0 2.20797438771
8682798.0 2.09151264071
9210872.0 2.1719802288
9771062.0 2.14853361434
10365322.0 2.18907358008
10995724.0 2.25821865372
11664466.0 2.2424969691
12373879.0 2.34485619171
13126438.0 2.32665756217
13924767.0 2.0656117444
14771648.0 1.93498775631
15670035.0 1.7453369142
16623061.0 1.69953917188
17634048.0 2.14131817748
18706522.0 1.67909772308
19844222.0 1.46283855309
21051115.0 1.33412855231
22331409.0 1.26991910827
23689569.0 1.27729373696
25130329.0 1.3074231965
26658714.0 1.32423042689
28280054.0 1.14147723674
30000000.0 1.11096857961
