3000000.0 4.99723698698
3144339.40246 4.79512042348
3295623.42596 4.94451344135
3454186.19798 4.90652906798
3620377.92192 4.945378672
3794565.65057 4.99191270237
3977134.09677 4.82142624434
4168486.48312 4.88671506437
4369045.4325 4.73157988722
4579253.90153 4.84471925265
4799576.15882 4.82401896288
5030498.81043 4.72148999992
5272531.87456 4.66917324808
5526209.90798 4.55384094768
5792093.18665 4.51507373241
6070768.94318 4.74107664434
6362852.66376 5.14385816108
6668989.44758 5.08680690439
6989855.43155 4.92591653635
7326159.28365 4.87506403347
7678643.7681 4.8948681957
8048087.38584 4.72122173534
8435306.09392 4.77596004569
8841155.10766 3.9687563974
9266530.78943 4.49886119901
9712372.62845 5.09430748229
10179665.3157 4.37453696101
10669440.9187 4.0997991006
11182781.1609 3.69187465563
11720819.8112 3.89201287342
12284745.1871 4.66235817275
12875802.7804 5.11212500424
13495298.0069 3.17418044581
14144599.0904 3.98143081222
14825140.084 4.73348453167
15538424.0377 4.14658518957
16286026.318 3.82659419167
17069598.0871 4.12174003246
17890869.9498 4.19877342068
18751655.7758 4.02354750675
19653856.7058 4.09855673357
20599465.3501 4.40143521671
21590570.19 4.28106645267
22629360.1901 4.18617153734
23718129.6327 4.18554828916
24859283.1856 3.95296126911
26055341.2125 3.13978858655
27308945.3397 1.30385260526
28622864.2905 1.98955064605
30000000.0 1.85524402953
