3000000.0 2.76139960233
3144339.40246 2.72608056945
3295623.42596 2.7486679498
3454186.19798 2.69868520675
3620377.92192 2.69195365125
3794565.65057 2.69497924474
3977134.09677 2.71380556117
4168486.48312 2.62233927877
4369045.4325 2.6886583776
4579253.90153 2.5831178803
4799576.15882 2.5493388181
5030498.81043 2.65482992552
5272531.87456 2.62739994743
5526209.90798 2.60510575689
5792093.18665 2.54663958936
6070768.94318 2.4870967286
6362852.66376 2.45567821002
6668989.44758 2.49514202667
6989855.43155 2.44256906894
7326159.28365 2.40678998268
7678643.7681 2.3967286217
8048087.38584 2.44674794882
8435306.09392 2.38190699304
8841155.10766 2.50725043101
9266530.78943 2.45863344166
9712372.62845 2.36536367207
10179665.3157 2.42976061333
10669440.9187 2.22358641263
11182781.1609 2.20859627901
11720819.8112 2.25883445596
12284745.1871 2.15495787603
12875802.7804 2.04031411314
13495298.0069 2.14825911846
14144599.0904 2.05252458899
14825140.084 2.09898122446
15538424.0377 2.02799219397
16286026.318 1.90060588965
17069598.0871 1.97187218848
17890869.9498 1.84925751722
18751655.7758 1.73130115056
19653856.7058 1.62880180504
20599465.3501 1.6529562599
21590570.19 1.61789543133
22629360.1901 1.49540500716
23718129.6327 1.53398240436
24859283.1856 1.39406976721
26055341.2125 1.5207304535
27308945.3397 1.033616147
28622864.2905 1.01377860684
30000000.0 1.15746956547
